2000
620 1
466 0
467 1
282 1
261 0
521 0
582 0
338 0
456 1
166 0
293 1
226 1
600 1
266 1
202 0
482 0
77 1
89 2
283 2
72 1
62 1
465 0
431 2
634 0
505 2
240 0
362 0
355 2
240 2
79 1
372 1
169 1
122 1
360 1
546 2
250 1
612 1
308 1
31 1
163 0
500 2
60 2
64 1
518 1
144 0
41 0
112 1
190 2
624 0
268 1
453 2
202 2
82 0
293 2
638 1
171 0
458 2
383 0
75 2
87 2
210 1
58 0
378 2
476 1
439 2
285 1
425 1
523 0
665 2
408 2
561 1
207 2
586 1
235 0
81 0
232 1
52 2
107 1
496 2
579 2
20 1
150 0
264 1
507 0
428 2
362 1
247 1
643 0
652 1
415 1
520 1
126 0
606 1
137 0
431 0
334 0
507 2
372 0
4 1
634 1
365 0
520 2
118 1
336 0
553 2
182 2
238 0
230 0
534 2
482 2
291 2
57 0
493 0
152 0
607 2
488 1
225 1
209 0
644 1
257 0
416 1
156 1
441 0
413 1
17 1
509 0
528 2
154 2
663 2
313 1
76 2
358 2
120 0
18 2
183 0
193 0
37 0
304 0
510 1
585 2
519 2
70 2
85 1
444 2
422 1
13 2
45 1
217 1
262 2
6 0
438 2
468 2
623 2
220 1
25 1
297 1
86 0
14 1
441 2
300 0
98 2
35 0
352 1
473 1
103 0
631 1
22 0
39 0
472 0
613 0
84 1
348 0
660 2
528 1
279 2
568 2
127 1
314 2
580 2
352 0
639 1
386 0
403 1
127 2
510 0
281 1
393 2
500 0
487 1
405 2
647 2
333 1
121 2
637 2
237 2
257 2
305 0
114 0
8 1
629 1
189 2
270 0
220 2
50 1
656 2
245 0
581 1
664 0
30 0
429 1
430 2
203 1
162 1
212 0
490 2
239 0
636 2
133 0
605 1
151 1
302 1
375 0
498 0
336 1
469 2
15 0
393 1
644 2
298 0
482 1
406 1
178 2
115 2
462 0
527 2
511 1
561 2
303 2
358 0
363 1
73 2
162 0
300 2
649 0
400 1
29 2
630 2
524 2
658 2
30 2
501 0
224 1
322 0
433 0
308 0
121 0
125 2
102 2
141 0
21 1
70 0
643 2
184 2
484 2
285 2
614 2
258 0
140 2
167 1
497 2
290 1
429 2
188 2
188 1
621 1
556 1
635 1
185 0
392 1
504 0
645 1
147 1
204 1
584 2
354 0
29 1
213 0
523 2
347 0
251 2
427 0
560 1
569 0
18 0
610 0
112 2
655 2
172 2
175 1
276 0
389 2
130 2
298 1
354 2
361 1
323 2
96 2
74 0
420 1
250 0
543 1
371 1
614 0
470 2
203 0
514 2
312 0
459 2
403 0
449 2
317 2
256 0
79 0
211 1
229 1
24 1
307 1
108 1
196 1
286 1
430 1
343 0
261 1
8 0
73 0
392 0
101 1
174 1
400 2
208 1
533 1
357 1
37 1
371 0
456 0
82 2
356 0
649 1
180 1
318 1
539 0
401 2
334 1
116 1
94 0
6 1
455 1
198 0
505 1
592 0
383 2
146 1
453 1
342 2
148 2
113 2
412 2
338 2
636 0
476 0
375 2
54 1
656 0
571 1
633 0
250 2
259 0
508 1
292 0
222 2
78 1
249 0
106 2
87 0
568 1
619 1
254 0
198 1
235 1
442 1
268 0
604 0
134 1
225 0
545 1
356 2
60 1
420 0
55 2
32 0
593 2
663 1
290 2
174 2
48 2
541 2
349 2
592 1
437 2
127 0
19 1
176 1
525 0
405 0
287 1
602 1
28 0
442 2
617 0
615 0
411 2
354 1
633 2
120 1
351 1
465 2
563 1
76 1
23 2
366 2
473 2
61 2
178 1
573 1
207 1
407 2
385 0
201 1
602 0
425 2
177 0
39 1
409 2
20 0
388 1
433 2
397 2
331 1
342 1
605 2
286 0
149 1
454 1
483 1
419 0
525 1
382 1
601 1
475 1
432 1
230 2
390 2
157 1
152 2
341 1
371 2
364 0
297 0
158 0
499 1
214 1
334 2
163 2
475 0
572 0
46 2
22 2
338 1
540 0
243 0
347 1
618 0
561 0
180 2
512 1
466 1
27 2
27 0
664 1
271 1
34 0
137 2
105 2
469 1
479 1
418 1
389 1
658 1
638 2
37 2
624 1
373 2
583 0
378 0
515 0
438 1
377 0
4 2
32 1
295 1
142 1
546 0
126 2
457 1
198 2
214 0
7 0
464 0
375 1
619 2
442 0
215 2
537 0
649 2
63 2
77 0
18 1
552 0
270 2
104 0
60 0
445 0
407 0
368 0
646 2
210 2
238 1
191 1
337 1
222 1
47 1
255 0
460 2
651 2
663 0
186 1
449 0
209 2
327 2
407 1
640 1
258 2
422 2
566 2
481 1
92 1
645 0
540 2
188 0
52 1
580 0
99 1
525 2
369 1
541 1
5 0
376 0
578 1
160 1
49 0
132 2
90 0
67 1
248 0
125 0
480 0
263 0
325 0
300 1
637 0
196 2
511 0
21 0
598 1
657 0
562 0
486 1
591 0
169 2
324 1
71 1
400 0
491 1
88 1
106 1
52 0
114 2
509 1
57 2
102 0
192 2
97 1
182 1
65 1
45 0
14 2
86 2
557 0
605 0
310 0
353 2
288 0
481 2
432 2
506 2
579 1
499 0
200 1
390 1
40 1
408 0
171 1
193 1
184 1
192 0
569 1
488 0
74 2
269 0
181 2
318 2
27 1
401 0
424 2
173 2
144 1
374 0
256 1
425 0
380 0
19 0
604 1
69 2
328 2
402 1
29 0
28 2
310 2
7 2
356 1
267 2
565 2
276 1
348 2
646 1
178 0
362 2
155 0
159 0
427 1
443 1
82 1
103 2
98 1
304 1
421 1
155 2
14 0
563 0
534 0
104 1
206 1
462 1
91 0
151 2
475 2
614 1
210 0
137 1
345 0
404 0
571 0
202 1
481 0
526 2
223 1
176 0
517 1
240 1
609 1
186 2
107 0
314 1
110 1
299 2
410 0
119 0
549 0
564 0
555 1
306 2
473 0
550 0
363 0
360 2
578 2
510 2
397 1
319 1
325 2
67 2
631 2
136 0
379 2
80 1
177 2
215 1
288 2
132 0
288 1
361 0
218 0
181 0
69 1
594 1
194 1
604 2
645 2
170 2
591 2
533 2
427 2
205 1
316 1
39 2
350 0
91 1
662 2
223 2
606 0
336 2
100 1
321 1
45 2
474 1
448 2
558 1
147 2
134 2
194 0
359 2
115 1
153 1
216 1
294 2
578 0
187 2
233 0
80 0
513 1
278 1
305 1
339 1
280 0
114 1
444 0
567 2
577 1
620 2
262 0
320 0
65 0
426 0
630 1
542 0
166 1
328 1
224 2
641 1
197 2
526 1
585 0
94 1
537 2
63 1
653 2
527 1
595 2
446 1
12 0
245 2
634 2
617 2
213 2
659 0
418 0
110 0
36 0
265 2
384 1
655 1
503 2
68 0
253 1
95 0
340 2
277 0
161 2
626 2
577 0
179 2
120 2
111 1
264 0
576 1
598 2
8 2
566 0
109 0
256 2
398 0
139 1
477 0
539 1
49 2
496 1
573 0
194 2
26 1
254 1
94 2
414 2
174 0
484 0
66 2
600 0
217 0
329 1
455 0
333 0
388 0
199 2
504 2
357 2
579 0
365 1
625 0
1 2
51 1
151 0
228 0
325 1
192 1
304 2
493 2
307 0
547 1
142 2
587 2
239 1
503 1
471 1
21 2
149 2
269 1
646 0
515 2
602 2
306 0
353 1
394 2
44 1
435 0
216 2
160 2
143 0
141 1
534 1
236 0
128 0
43 0
51 2
343 1
458 1
64 2
387 1
659 2
129 0
539 2
654 1
69 0
342 0
225 2
485 2
650 1
152 1
299 1
530 0
361 2
88 2
379 1
241 2
326 1
603 1
96 1
221 0
381 1
317 0
88 0
536 2
181 1
516 0
470 0
586 0
35 2
283 0
104 2
497 1
370 1
405 1
319 2
612 0
413 0
84 0
30 1
478 1
389 0
555 0
282 0
599 0
318 0
553 0
172 1
320 2
467 2
64 0
156 0
33 0
536 0
600 2
410 1
417 1
330 0
461 0
41 2
200 2
34 1
265 0
89 1
125 1
179 1
238 2
535 0
171 2
95 2
199 1
594 0
409 1
575 0
376 2
597 2
131 0
253 0
79 2
538 1
428 1
10 0
535 1
80 2
665 0
296 2
90 1
543 2
108 2
62 2
622 1
557 2
267 0
392 2
81 2
333 2
301 1
208 0
211 2
99 0
242 2
119 2
86 1
53 1
167 2
23 1
289 1
84 2
538 2
589 2
85 0
575 2
395 2
260 1
10 2
287 2
38 2
158 2
211 0
451 1
559 2
531 2
613 2
50 0
85 2
229 0
219 2
63 0
368 2
613 1
91 2
90 2
625 2
522 1
480 1
130 1
313 0
411 1
458 0
128 1
385 2
551 0
423 0
480 2
488 2
331 0
19 2
349 1
255 2
453 0
133 1
495 1
234 0
508 2
293 0
380 1
355 0
447 1
524 0
74 1
599 2
41 1
558 2
547 2
218 1
275 0
603 2
140 1
282 2
326 0
267 1
145 1
326 2
199 0
183 2
489 2
562 1
25 2
573 2
266 2
455 2
328 0
139 0
507 1
31 2
463 1
447 2
417 2
399 1
284 1
422 0
28 1
492 2
44 2
572 2
249 1
641 2
131 2
434 0
661 1
271 2
367 1
59 2
462 2
461 2
370 2
345 2
567 0
552 1
25 0
196 0
38 0
246 1
242 0
93 0
302 0
235 2
414 0
444 1
159 2
616 2
201 2
253 2
315 1
398 1
491 0
584 0
157 0
464 1
576 0
62 0
459 0
397 0
506 0
339 2
381 2
436 1
103 1
251 1
620 0
440 2
314 0
349 0
391 0
244 1
156 2
13 0
512 2
341 2
43 2
5 2
423 2
97 0
248 1
254 2
570 1
273 2
381 0
355 1
61 0
177 1
632 0
494 1
514 1
7 1
148 1
627 0
570 2
214 2
440 1
513 2
403 2
470 1
24 2
439 0
46 0
111 0
376 1
345 1
490 1
205 2
369 2
560 0
608 2
317 1
227 1
145 0
518 0
379 0
583 1
452 2
286 2
122 0
298 2
428 0
394 0
460 0
274 0
249 2
281 0
452 1
24 0
587 1
500 1
499 2
75 0
662 1
412 0
234 1
320 1
38 1
327 1
81 1
339 0
593 0
316 0
44 0
144 2
388 2
426 2
452 0
11 0
97 2
141 2
548 0
143 2
17 0
494 2
516 1
642 1
384 0
484 1
581 0
566 1
83 0
236 2
263 2
366 0
528 0
135 0
642 2
17 2
297 2
588 0
483 0
640 0
651 0
289 0
460 1
154 0
121 1
609 2
629 2
410 2
128 2
503 0
311 1
227 2
155 1
340 0
364 1
154 1
283 1
618 1
322 1
221 2
299 0
273 1
450 0
546 1
303 1
330 1
294 0
565 1
165 0
468 0
117 0
346 1
170 1
13 1
599 1
205 0
248 2
615 2
247 0
483 2
485 1
655 0
142 0
233 2
35 1
474 0
622 2
138 1
229 2
191 2
588 1
56 1
166 2
404 2
273 0
159 1
665 1
402 0
332 1
140 0
275 1
47 0
96 0
535 2
369 0
434 2
36 2
187 0
471 2
263 1
437 1
185 2
622 0
146 2
446 0
231 2
66 0
224 0
243 1
457 2
551 2
189 1
322 2
545 0
626 0
370 0
465 1
67 0
474 2
513 0
48 1
165 1
271 0
454 2
56 0
648 0
109 2
101 2
399 2
36 1
418 2
33 2
508 0
450 2
34 2
662 0
245 1
396 2
643 1
284 2
102 1
424 0
344 0
658 0
204 2
623 0
544 2
450 1
42 0
277 2
98 0
464 2
544 0
569 2
9 1
351 0
502 1
350 1
443 0
487 0
628 1
33 1
373 0
582 1
241 1
378 1
2 1
294 1
315 2
572 1
420 2
346 0
287 0
0 0
374 1
59 1
435 2
633 1
489 1
3 0
197 0
576 2
359 1
451 2
652 0
195 1
252 1
118 2
150 2
350 2
279 1
73 1
395 0
522 2
12 1
324 2
372 2
628 0
123 1
415 0
216 0
175 0
492 0
637 1
505 0
16 2
130 0
190 1
162 2
419 1
258 1
309 2
517 2
164 2
20 2
472 1
99 2
544 1
153 0
219 1
332 2
564 1
608 0
530 2
454 0
639 2
50 2
574 0
290 0
292 2
598 0
463 2
246 2
48 0
641 0
443 2
32 2
611 1
429 0
231 1
526 0
548 2
616 1
412 1
264 2
57 1
627 2
172 0
66 1
129 1
228 2
2 2
337 2
351 2
457 0
100 0
597 0
126 1
533 0
384 2
163 1
436 2
329 2
498 2
666 0
582 2
529 0
11 2
337 0
213 1
386 1
183 1
366 1
302 2
368 1
301 0
157 2
55 0
197 1
632 1
61 1
119 1
648 2
406 2
186 0
71 0
255 1
113 1
161 1
441 1
243 2
550 2
590 0
78 2
650 2
200 0
408 1
301 2
15 2
540 1
105 0
247 2
416 0
285 0
587 0
644 0
112 0
461 1
208 2
23 0
402 2
72 0
315 0
621 0
135 1
515 1
182 0
496 0
308 2
627 1
272 1
10 1
217 2
278 0
391 2
590 1
364 2
168 1
218 2
621 2
594 2
431 1
390 0
223 0
479 2
306 1
363 2
42 1
478 2
616 0
521 1
324 0
226 0
596 0
635 0
487 2
158 1
430 0
5 1
170 0
559 0
16 0
477 1
296 0
547 0
12 2
87 1
257 1
532 0
176 2
230 1
309 0
118 0
1 0
252 2
6 2
396 0
636 1
537 1
261 2
3 2
277 1
358 1
252 0
195 0
241 0
116 2
68 1
47 2
123 0
274 2
434 1
323 1
276 2
353 0
212 2
106 0
493 1
93 1
215 0
466 2
548 1
536 1
291 1
296 1
259 1
167 0
529 1
586 2
89 0
385 1
642 0
664 2
313 2
58 1
477 2
232 0
448 0
651 1
570 0
352 2
560 2
556 0
485 0
629 0
409 0
341 0
459 1
168 0
92 2
133 2
486 2
281 2
169 0
541 0
195 2
244 0
15 1
360 0
451 0
145 2
617 1
377 1
504 1
494 0
654 0
660 1
234 2
647 1
446 2
592 2
124 0
207 0
527 0
601 0
9 2
650 0
471 0
201 0
635 2
404 1
426 1
51 0
278 2
291 0
303 0
95 1
653 0
395 1
191 0
386 2
31 0
136 1
556 2
501 1
611 0
331 2
438 0
147 0
75 1
246 0
131 1
623 1
603 0
164 0
523 1
76 0
153 2
108 0
72 2
231 0
165 2
585 1
532 1
46 1
542 2
284 0
330 2
423 1
498 1
478 0
421 0
511 2
417 0
232 2
538 0
0 2
531 1
187 1
436 0
53 2
357 0
552 2
113 0
424 1
584 1
609 0
654 2
589 0
134 0
237 0
275 2
588 2
638 0
542 1
554 1
516 2
101 0
272 2
180 0
524 1
393 0
1 1
374 2
55 1
236 1
359 0
332 0
467 0
612 2
365 2
626 1
344 2
492 1
311 2
502 0
469 0
16 1
312 1
580 1
160 0
226 2
509 2
237 1
512 0
168 2
607 0
564 2
445 2
292 1
624 2
435 1
184 0
590 2
367 0
115 0
530 1
335 0
77 2
554 0
415 2
577 2
222 0
647 0
639 0
150 1
0 1
40 0
139 2
625 1
70 1
553 1
279 0
468 1
143 1
495 0
497 0
107 2
92 0
269 2
78 0
136 2
295 0
549 1
401 1
648 1
274 1
476 2
321 0
26 2
565 0
146 0
549 2
472 2
251 0
3 1
630 0
289 2
40 2
502 2
557 1
377 2
239 2
551 1
148 0
58 2
260 2
640 2
440 0
447 0
601 2
343 2
209 1
227 0
589 1
49 1
161 0
666 1
399 0
280 1
520 0
179 0
11 1
439 1
607 1
280 2
228 1
519 0
259 2
329 0
661 0
518 2
456 2
653 1
193 2
574 1
652 2
595 1
219 0
411 0
596 1
491 2
117 2
242 1
135 2
558 0
26 0
631 0
244 2
56 2
445 1
581 2
221 1
204 0
628 2
122 2
266 0
568 0
190 0
506 1
71 2
416 2
268 2
495 2
173 1
347 2
319 0
203 2
545 2
479 0
262 1
110 2
574 2
335 2
432 0
149 0
448 1
660 0
554 2
9 0
373 1
606 2
563 2
138 2
173 0
608 1
116 0
610 2
419 2
406 0
309 1
532 2
501 2
54 0
124 2
43 1
522 0
550 1
124 1
486 0
489 0
391 1
421 2
311 0
323 0
59 0
490 0
387 0
307 2
657 1
340 1
53 0
382 0
233 1
4 0
383 1
346 2
22 1
310 1
571 2
335 1
619 0
615 1
367 2
398 2
42 2
68 2
111 2
54 2
610 1
105 1
327 0
517 0
175 2
514 0
260 0
117 1
265 1
100 2
220 0
656 1
555 2
559 1
305 2
272 0
380 2
449 1
123 2
206 2
185 1
2 0
129 2
189 0
543 0
659 1
591 1
413 2
519 1
529 2
316 2
661 2
596 2
597 1
657 2
595 0
212 1
164 1
394 1
562 2
521 2
396 1
321 2
433 1
611 2
270 1
348 1
414 1
575 1
632 2
583 2
593 1
437 0
83 1
65 2
387 2
382 2
312 2
206 0
344 1
83 2
295 2
93 2
531 0
463 0
567 1
138 0
618 2
132 1
109 1
